%frequency sig_1.db sig_1.deg sig_2.db sig_2.deg
1  0 0  -4.34294264788e-006 -0.0572957604145
1.01392540756  0 0  -4.46473924842e-006 -0.0580936266866
1.02804473209  0 0  -4.58995159776e-006 -0.0589026035487
1.04236067398  0 0  -4.71867549238e-006 -0.0597228457193
1.05687597118  0 0  -4.85100940769e-006 -0.0605545100715
1.07159339982  0 0  -4.9870545877e-006 -0.0613977556627
1.08651577465  0 0  -5.12691511634e-006 -0.0622527437652
1.10164594963  0 0  -5.27069798795e-006 -0.0631196378972
1.11698681847  0 0  -5.41851321036e-006 -0.0639986038538
1.13254131515  0 0  -5.57047386378e-006 -0.0648898097388
1.14831241454  0 0  -5.72669620879e-006 -0.065793425997
1.16430313292  0 0  -5.88729975963e-006 -0.0667096254463
1.18051652857  0 0  -6.0524073893e-006 -0.0676385833116
1.19695570236  0 0  -6.22214541156e-006 -0.0685804772575
1.21362379834  0 0  -6.39664368405e-006 -0.0695354874226
1.23052400436  0 0  -6.57603570675e-006 -0.070503796454
1.24765955263  0 0  -6.76045872314e-006 -0.0714855895422
1.2650337204  0 0  -6.95005382441e-006 -0.0724810544564
1.28264983053  0 0  -7.14496606323e-006 -0.0734903815806
1.30051125217  0 0  -7.34534455114e-006 -0.0745137639497
1.31862140139  0 0  -7.55134259262e-006 -0.0755513972869
1.33698374182  0 0  -7.76311778438e-006 -0.0766034800406
1.35560178533  0 0  -7.98083214366e-006 -0.0776702134227
1.37447909268  0 0  -8.20465223066e-006 -0.078751801447
1.39361927422  0 0  -8.43474927875e-006 -0.0798484509679
1.4130259906  0 0  -8.67129932757e-006 -0.0809603717207
1.43270295341  0 0  -8.91448334446e-006 -0.0820877763609
1.45265392595  0 0  -9.16448737693e-006 -0.0832308805052
1.47288272391  0 0  -9.4215026924e-006 -0.084389902773
1.49339321612  0 0  -9.68572591616e-006 -0.0855650648277
1.5141893253  0 0  -9.95735919336e-006 -0.0867565914195
1.53527502878  0 0  -1.02366103346e-005 -0.087964710428
1.55665435927  0 0  -1.05236929818e-005 -0.0891896529063
1.57833140565  0 0  -1.08188267646e-005 -0.0904316531245
1.60031031374  0 0  -1.11222374746e-005 -0.0916909486152
1.62259528708  0 0  -1.14341572342e-005 -0.0929677802184
1.64519058775  0 0  -1.17548246762e-005 -0.0942623921278
1.6681005372  0 0  -1.20844851269e-005 -0.0955750319374
1.69132951703  0 0  -1.2423390791e-005 -0.0969059506889
1.71488196987  0 0  -1.2771800945e-005 -0.0982554029196
1.73876240022  0 0  -1.31299821391e-005 -0.0996236467113
1.76297537529  0 0  -1.34982083964e-005 -0.101010943739
1.7875255259  0 0  -1.38767614304e-005 -0.102417559323
1.81241754737  0 0  -1.4265930847e-005 -0.103843762476
1.83765620039  0 0  -1.46660143812e-005 -0.105289825958
1.86324631193  0 0  -1.50773181116e-005 -0.106756026326
1.88919277621  0 0  -1.55001567035e-005 -0.108242643989
1.91550055557  0 0  -1.59348536493e-005 -0.10974996326
1.94217468149  0 0  -1.63817415077e-005 -0.111278272411
1.96922025548  0 0  -1.68411621689e-005 -0.112827863728
1.99664245011  0 0  -1.7313467109e-005 -0.114399033568
2.02444650998  0 0  -1.77990176593e-005 -0.115992082412
2.05263775271  0 0  -1.82981852907e-005 -0.117607314927
2.08122156999  0 0  -1.88113518818e-005 -0.119245040023
2.11020342857  0 0  -1.9338910034e-005 -0.120905570909
2.13958887134  0 0  -1.9881263342e-005 -0.122589225157
2.16938351839  0 0  -2.04388267338e-005 -0.12429632476
2.19959306803  0 0  -2.10120267681e-005 -0.126027196196
2.23022329797  0 0  -2.16013019635e-005 -0.127782170487
2.26128006634  0 0  -2.22071031417e-005 -0.129561583266
2.29276931287  0 0  -2.28298937614e-005 -0.131365774837
2.32469705999  0 0  -2.34701502861e-005 -0.133195090246
2.357069414  0 0  -2.41283625348e-005 -0.135049879339
2.38989256623  0 0  -2.48050340646e-005 -0.136930496838
2.42317279424  0 0  -2.55006825585e-005 -0.138837302401
2.45691646298  0 0  -2.62158402116e-005 -0.140770660694
2.49113002607  0 0  -2.69510541447e-005 -0.142730941463
2.52582002696  0 0  -2.7706886826e-005 -0.144718519598
2.56099310026  0 0  -2.84839164975e-005 -0.146733775214
2.59665597293  0 0  -2.92827376093e-005 -0.148777093715
2.63281546565  0 0  -3.01039612957e-005 -0.150848865872
2.66947849403  0 0  -3.0948215816e-005 -0.152949487898
2.70665207003  0 0  -3.18161470596e-005 -0.155079361522
2.74434330323  0 0  -3.27084190191e-005 -0.157238894067
2.78255940221  0 0  -3.36257143173e-005 -0.159428498526
2.82130767594  0 0  -3.45687347119e-005 -0.161648593645
2.86059553518  0 0  -3.55382016496e-005 -0.163899603997
2.90043049386  0 0  -3.65348568038e-005 -0.166181960069
2.94082017059  0 0  -3.75594626434e-005 -0.168496098341
2.98177229002  0 0  -3.86128030284e-005 -0.17084246137
3.02329468441  0 0  -3.9695683796e-005 -0.173221497876
3.06539529506  0 0  -4.0808933383e-005 -0.175633662825
3.10808217387  0 0  -4.19534034578e-005 -0.178079417518
3.15136348487  0 0  -4.31299695768e-005 -0.180559229679
3.19524750576  0 0  -4.43395318447e-005 -0.183073573545
3.23974262953  0 0  -4.5583015611e-005 -0.185622929954
3.28485736603  0 0  -4.68613721728e-005 -0.188207786439
3.33060034362  0 0  -4.81755795129e-005 -0.190828637322
3.37698031083  0 0  -4.95266430294e-005 -0.193485983807
3.42400613797  0 0  -5.09155963232e-005 -0.196180334074
3.47168681893  0 0  -5.23435019766e-005 -0.198912203381
3.5200314728  0 0  -5.3811452372e-005 -0.201682114158
3.56904934568  0 0  -5.53205705252e-005 -0.204490596109
3.61874981241  0 0  -5.68720109464e-005 -0.207338186313
3.6691423784  0 0  -5.8466960522e-005 -0.210225429324
3.72023668141  0 0  -6.0106639418e-005 -0.213152877282
3.77204249342  0 0  -6.17923020263e-005 -0.216121090008
3.82456972247  0 0  -6.35252379088e-005 -0.219130635123
3.87782841459  0 0  -6.53067727908e-005 -0.222182088145
3.93182875571  0 0  -6.71382695804e-005 -0.225276032607
3.98658107358  0 0  -6.90211294041e-005 -0.228413060165
4.0420958398  0 0  -7.09567926739e-005 -0.231593770712
4.09838367176  0 0  -7.29467402019e-005 -0.234818772492
4.15545533472  0 0  -7.49924943249e-005 -0.238088682218
4.21332174385  0 0  -7.70956200696e-005 -0.241404125185
4.27199396631  0 0  -7.92577263521e-005 -0.244765735396
4.33148322338  0 0  -8.14804672022e-005 -0.248174155679
4.3918008926  0 0  -8.37655430388e-005 -0.25163003781
4.45295850994  0 0  -8.61147019612e-005 -0.255134042638
4.51496777204  0 0  -8.85297410919e-005 -0.258686840213
4.57784053838  0 0  -9.10125079482e-005 -0.262289109912
4.64158883361  0 0  -9.35649018555e-005 -0.265941540566
4.70622484984  0 0  -9.61888754034e-005 -0.2696448306
4.77176094894  0 0  -9.8886435934e-005 -0.273399688156
4.83820966493  0 0  -0.00010165964708 -0.277206831235
4.90558370637  0 0  -0.000104510630343 -0.281066987835
4.97389595879  0 0  -0.000107441566717 -0.284980896083
5.04315948717  0 0  -0.000110454698353 -0.288949304383
5.11338753841  0 0  -0.000113552330282 -0.292972971555
5.18459354389  0 0  -0.000116736832165 -0.297052666982
5.25679112202  0 0  -0.000120010640112 -0.301189170755
5.32999408084  0 0  -0.000123376258558 -0.305383273823
5.40421642071  0 0  -0.000126836262149 -0.309635778144
5.4794723369  0 0  -0.000130393297744 -0.313947496837
5.5557762224  0 0  -0.000134050086409 -0.31831925434
5.6331426706  0 0  -0.000137809425524 -0.322751886563
5.71158647813  0 0  -0.000141674190906 -0.327246241052
5.79112264764  0 0  -0.000145647339011 -0.331803177147
5.87176639073  0 0  -0.0001497319092 -0.336423566148
5.95353313081  0 0  -0.000153931026063 -0.341108291481
6.03643850608  0 0  -0.0001582479018 -0.345858248867
6.12049837248  0 0  -0.000162685838688 -0.350674346491
6.20572880678  0 0  -0.000167248231598 -0.355557505178
6.29214610961  0 0  -0.000171938570599 -0.360508658565
6.37976680861  0 0  -0.000176760443623 -0.365528753284
6.46860766155  0 0  -0.000181717539201 -0.370618749138
6.55868565957  0 0  -0.000186813649298 -0.375779619285
6.65001803043  0 0  -0.000192052672204 -0.381012350426
6.74262224178  0 0  -0.000197438615514 -0.386317942991
6.83651600451  0 0  -0.000202975599199 -0.39169741133
6.93171727616  0 0  -0.00020866785875 -0.397151783907
7.02824426431  0 0  -0.000214519748417 -0.402682103495
7.12611543011  0 0  -0.000220535744542 -0.408289427376
7.22534949179  0 0  -0.00022672044898 -0.413974827542
7.32596542822  0 0  -0.000233078592614 -0.419739390898
7.42798248256  0 0  -0.000239615038981 -0.425584219471
7.53142016597  0 0  -0.000246334787978 -0.43151043062
7.63629826128  0 0  -0.000253242979696 -0.437519157248
7.74263682681  0 0  -0.000260344898346 -0.443611548016
7.8504562002  0 0  -0.000267645976295 -0.449788767566
7.95977700231  0 0  -0.000275151798224 -0.456051996739
8.07062014115  0 0  -0.000282868105396 -0.462402432802
8.18300681587  0 0  -0.000290800800042 -0.468841289675
8.29695852083  0 0  -0.000298955949879 -0.475369798163
8.41249704974  0 0  -0.000307339792745 -0.481989206188
8.52964449974  0 0  -0.000315958741366 -0.488700779031
8.64842327573  0 0  -0.000324819388262 -0.495505799566
8.76885609459  0 0  -0.00033392851078 -0.502405568512
8.89096598953  0 0  -0.000343293076282 -0.509401404673
9.01477631452  0 0  -0.000352920247464 -0.516494645196
9.14031074876  0 0  -0.000362817387837 -0.523686645817
9.26759330115  0 0  -0.000372992067348 -0.530978781129
9.39664831495  0 0  -0.000383452068169 -0.538372444832
9.52750047243  0 0  -0.000394205390649 -0.545869050007
9.66017479952  0 0  -0.00040526025942 -0.553470029381
9.7946966707  0 0  -0.00041662512969 -0.561176835598
9.93109181375  0 0  -0.0004283086937 -0.568990941499
10.0693863148  0 0  -0.000440319887365 -0.576913840396
10.2096066231  0 0  -0.000452667897109 -0.584947046362
10.3517795563  0 0  -0.00046536216688 -0.593092094512
10.4959323056  0 0  -0.000478412405366 -0.601350541301
10.6420924406  0 0  -0.000491828593415 -0.609723964813
10.7902879152  0 0  -0.000505620991657 -0.618213965066
10.9405470721  0 0  -0.00051980014835 -0.626822164313
11.092898649  0 0  -0.000534376907437 -0.635550207347
11.2473717836  0 0  -0.000549362416823 -0.64439976182
11.4039960197  0 0  -0.000564768136903 -0.653372518551
11.5628013121  0 0  -0.000580605849304 -0.662470191853
11.7238180329  0 0  -0.000596887665901 -0.671694519855
11.8870769771  0 0  -0.000613626038046 -0.681047264828
12.0526093687  0 0  -0.000630833766107 -0.690530213528
12.2204468663  0 0  -0.000648524009213 -0.700145177523
12.3906215695  0 0  -0.000666710295328 -0.709893993545
12.5631660247  0 0  -0.000685406531579 -0.719778523832
12.7381132319  0 0  -0.000704627014862 -0.729800656483
12.9154966501  0 0  -0.000724386442775 -0.739962305815
13.0953502048  0 0  -0.000744699924832 -0.750265412722
13.2777082936  0 0  -0.000765582994001 -0.760711945047
13.462605793  0 0  -0.000787051618576 -0.771303897948
13.6500780655  0 0  -0.00080912221434 -0.782043294279
13.8401609657  0 0  -0.000831811657126 -0.792932184969
14.0328908479  0 0  -0.000855137295686 -0.803972649413
14.2283045721  0 0  -0.00087911696493 -0.815166795861
14.4264395122  0 0  -0.000903768999548 -0.826516761814
14.627333562  0 0  -0.000929112247999 -0.838024714431
14.8310251434  0 0  -0.000955166086892 -0.849692850937
15.037553213  0 0  -0.000981950435785 -0.861523399034
15.2469572702  0 0  -0.00100948577236 -0.873518617321
15.4592773642  0 0  -0.00103779314809 -0.885680795722
15.6745541021  0 0  -0.00106689420424 -0.898012255912
15.8928286562  0 0  -0.00109681118844 -0.910515351759
16.1141427725  0 0  -0.00112756697161 -0.923192469762
16.3385387781  0 0  -0.00115918506542 -0.936046029499
16.5660595895  0 0  -0.00119168964025 -0.949078484087
16.7967487209  0 0  -0.00122510554355 -0.962292320635
17.0306502925  0 0  -0.00125945831889 -0.975690060713
17.2678090388  0 0  -0.00129477422534 -0.989274260828
17.5082703174  0 0  -0.00133108025756 -1.0030475129
17.7520801172  0 0  -0.00136840416633 -1.01701244474
17.9992850678  0 0  -0.00140677447973 -1.03117172056
18.2499324482  0 0  -0.0014462205249 -1.04552804145
18.5040701954  0 0  -0.00148677245035 -1.0600841459
18.7617469144  0 0  -0.00152846124895 -1.07484281031
19.0230118867  0 0  -0.00157131878159 -1.08980684947
19.2879150802  0 0  -0.00161537780135 -1.10497911717
19.5565071587  0 0  -0.00166067197857 -1.12036250662
19.8288394913  0 0  -0.00170723592642 -1.1359599511
20.1049641626  0 0  -0.00175510522726 -1.15177442442
20.3849339825  0 0  -0.0018043164598 -1.16780894151
20.6688024963  0 0  -0.00185490722687 -1.18406655899
20.9566239948  0 0  -0.00190691618411 -1.20055037572
21.248453525  0 0  -0.00196038306934 -1.21726353336
21.5443469003  0 0  -0.00201534873287 -1.23420921699
21.8443607115  0 0  -0.00207185516851 -1.25139065568
22.1485523373  0 0  -0.00212994554558 -1.26881112308
22.4569799554  0 0  -0.00218966424173 -1.28647393802
22.7697025538  0 0  -0.00225105687669 -1.30438246516
23.0867799419  0 0  -0.00231417034695 -1.32254011557
23.4082727618  0 0  -0.00237905286145 -1.34095034737
23.7342425002  0 0  -0.00244575397822 -1.35961666639
24.0647515002  0 0  -0.00251432464203 -1.37854262676
24.3998629726  0 0  -0.00258481722312 -1.39773183163
24.7396410089  0 0  -0.002657285557 -1.41718793377
25.0841505928  0 0  -0.00273178498532 -1.43691463629
25.433457613  0 0  -0.00280837239794 -1.45691569329
25.7876288759  0 0  -0.0028871062761 -1.47719491053
26.146732118  0 0  -0.00296804673681 -1.49775614616
26.5108360191  0 0  -0.00305125557854 -1.51860331141
26.8800102154  0 0  -0.00313679632804 -1.53974037129
27.2543253128  0 0  -0.00322473428858 -1.56117134532
27.6338529005  0 0  -0.00331513658949 -1.58290030827
28.0186655646  0 0  -0.00340807223704 -1.60493139087
28.4088369018  0 0  -0.00350361216679 -1.62726878059
28.804441534  0 0  -0.0036018292973 -1.64991672236
29.2055551218  0 0  -0.00370279858546 -1.67287951937
29.6122543799  0 0  -0.00380659708319 -1.69616153383
30.0246170909  0 0  -0.00391330399588 -1.71976718776
30.4427221206  0 0  -0.00402300074228 -1.74370096375
30.8666494334  0 0  -0.00413577101619 -1.76796740581
31.2964801067  0 0  -0.00425170084973 -1.79257112017
31.7322963473  0 0  -0.00437087867848 -1.81751677606
32.1741815068  0 0  -0.00449339540829 -1.84280910661
32.6222200971  0 0  -0.00461934448406 -1.86845290962
33.0764978074  0 0  -0.00474882196031 -1.89445304846
33.53710152  0 0  -0.00488192657375 -1.92081445292
34.004119327  0 0  -0.00501875981789 -1.94754212006
34.4776405473  0 0  -0.00515942601958 -1.9746411151
34.9577557436  0 0  -0.0053040324178 -2.00211657232
35.4445567397  0 0  -0.0054526892445 -2.02997369595
35.938136638  0 0  -0.00560550980775 -2.05821776108
36.4385898376  0 0  -0.00576261057715 -2.08685411457
36.946012052  0 0  -0.00592411127152 -2.11588817598
37.4605003275  0 0  -0.00609013494913 -2.14532543854
37.9821530619  0 0  -0.00626080810024 -2.17517147004
38.5110700233  0 0  -0.00643626074238 -2.20543191386
39.0473523689  0 0  -0.00661662651799 -2.23611248988
39.5911026647  0 0  -0.00680204279501 -2.26721899547
40.142424905  0 0  -0.00699265076997 -2.2987573065
40.7014245322  0 0  -0.00718859557411 -2.33073337833
41.268208457  0 0  -0.00739002638219 -2.36315324682
41.842885079  0 0  -0.0075970965245 -2.39602302932
42.4255643072  0 0  -0.00780996360173 -2.42934892574
43.0163575811  0 0  -0.00802878960307 -2.46313721957
43.6153778921  0 0  -0.00825374102754 -2.49739427891
44.2227398051  0 0  -0.00848498900854 -2.53212655758
44.8385594802  0 0  -0.00872270944186 -2.56734059611
45.4629546953  0 0  -0.00896708311717 -2.60304302289
46.0960448683  0 0  -0.00921829585301 -2.63924055522
46.7379510799  0 0  -0.0094765386355 -2.6759400004
47.3887960972  0 0  -0.00974200776081 -2.71314825686
48.0487043966  0 0  -0.0100149049815 -2.75087231526
48.7178021879  0 0  -0.0102954376566 -2.7891192596
49.3962174388  0 0  -0.0105838189062 -2.82789626839
50.0840798985  0 0  -0.0108802677698 -2.86721061575
50.7815211233  0 0  -0.0111850093691 -2.90706967258
51.4886745014  0 0  -0.011498275075 -2.94748090772
52.2056752785  0 0  -0.0118203026794 -2.98845188911
52.9326605836  0 0  -0.0121513365716 -3.02999028498
53.6697694554  0 0  -0.0124916279187 -3.07210386498
54.4171428687  0 0  -0.012841434852 -3.11480050146
55.1749237613  0 0  -0.0132010226575 -3.15808817057
55.9432570617  0 0  -0.013570663972 -3.20197495354
56.7222897164  0 0  -0.0139506389838 -3.24646903784
57.5121707184  0 0  -0.0143412356395 -3.29157871843
58.3130511353  0 0  -0.014742749856 -3.33731239895
59.1250841383  0 0  -0.0151554857377 -3.383678593
59.9484250319  0 0  -0.0155797558004 -3.43068592531
60.783231283  0 0  -0.0160158812001 -3.47834313304
61.6296625513  0 0  -0.0164641919684 -3.52665906696
62.4878807201  0 0  -0.0169250272543 -3.57564269277
63.3580499266  0 0  -0.0173987355717 -3.62530309228
64.2403365939  0 0  -0.0178856750541 -3.67564946472
65.1349094627  0 0  -0.0183862137155 -3.72669112797
66.0419396233  0 0  -0.0189007297184 -3.7784375198
66.9616005485  0 0  -0.0194296116487 -3.83089819918
67.894068127  0 0  -0.0199732587976 -3.88408284748
68.8395206965  0 0  -0.0205320814512 -3.93800126979
69.7981390783  0 0  -0.0211065011874 -3.99266339614
70.7701066118  0 0  -0.0216969511802 -4.04807928275
71.7556091894  0 0  -0.0223038765127 -4.10425911332
72.754835292  0 0  -0.022927734497 -4.16121320027
73.7679760253  0 0  -0.0235689950036 -4.21895198596
74.7952251562  0 0  -0.024228140798 -4.27748604397
75.83677915  0 0  -0.0249056678868 -4.33682608034
76.8928372076  0 0  -0.0256020858722 -4.39698293475
77.9636013041  0 0  -0.0263179183158 -4.45796758181
79.049276227  0 0  -0.0270537031112 -4.51979113222
80.1500696157  0 0  -0.0278099928663 -4.582464834
81.2661920009  0 0  -0.0285873552953 -4.64600007368
82.3978568453  0 0  -0.0293863736203 -4.71040837746
83.5452805838  0 0  -0.030207646983 -4.77570141241
84.7086826656  0 0  -0.0310517908668 -4.84189098759
85.8882855955  0 0  -0.0319194375295 -4.90898905519
87.0843149769  0 0  -0.0328112364459 -4.97700771166
88.2969995549  0 0  -0.0337278547625 -5.04595919877
89.52657126  0 0  -0.0346699777626 -5.11585590473
90.7732652521  0 0  -0.0356383093424 -5.18671036519
92.0373199662  0 0  -0.0366335725001 -5.25853526431
93.3189771573  0 0  -0.0376565098351 -5.33134343571
94.6184819472  0 0  -0.0387078840607 -5.4051478635
95.9360828709  0 0  -0.0397884785281 -5.47996168313
97.2720319245  0 0  -0.0408990977633 -5.55579818239
98.6265846131  0 0  -0.0420405680168 -5.63267080221
100  0 0  -0.0432137378264 -5.7105931375
101.392540756  0 0  -0.0444194785927 -5.78957893797
102.804473209  0 0  -0.0456586851683 -5.86964210885
104.236067398  0 0  -0.0469322764613 -5.95079671159
105.687597118  0 0  -0.0482411960514 -6.03305696455
107.159339982  0 0  -0.0495864128215 -6.11643724354
108.651577465  0 0  -0.0509689216026 -6.20095208241
110.164594963  0 0  -0.0523897438338 -6.28661617357
111.698681847  0 0  -0.0538499282374 -6.37344436833
113.254131515  0 0  -0.0553505515079 -6.46145167735
114.831241454  0 0  -0.0568927190177 -6.55065327092
116.430313292  0 0  -0.0584775655371 -6.64106447916
118.051652857  0 0  -0.0601062559705 -6.73270079221
119.695570236  0 0  -0.0617799861084 -6.82557786029
121.362379834  0 0  -0.0634999833949 -6.91971149369
123.052400436  0 0  -0.0652675077125 -7.01511766269
124.765955263  0 0  -0.0670838521823 -7.11181249739
126.50337204  0 0  -0.0689503439808 -7.2098122874
128.264983053  0 0  -0.0708683451746 -7.30913348149
130.051125217  0 0  -0.0728392535701 -7.40979268709
131.862140139  0 0  -0.0748645035818 -7.51180666972
133.698374182  0 0  -0.0769455671169 -7.61519235227
135.560178533  0 0  -0.0790839544772 -7.71996681419
137.447909268  0 0  -0.0812812152786 -7.82614729053
139.361927422  0 0  -0.0835389393875 -7.93375117085
141.30259906  0 0  -0.0858587578751 -8.04279599802
143.270295341  0 0  -0.0882423439889 -8.15329946688
145.265392595  0 0  -0.090691414142 -8.2652794227
147.288272391  0 0  -0.0932077289191 -8.37875385951
149.339321612  0 0  -0.095793094101 -8.49374091834
151.41893253  0 0  -0.0984493617055 -8.61025888516
153.527502878  0 0  -0.101178431047 -8.72832618875
155.665435927  0 0  -0.10398224981 -8.84796139834
157.833140565  0 0  -0.106862815145 -8.96918322109
160.031031374  0 0  -0.109822174777 -9.09201049936
162.259528708  0 0  -0.112862428132 -9.21646220773
164.519058775  0 0  -0.115985727477 -9.3425574499
166.81005372  0 0  -0.119194279086 -9.4703154553
169.132951703  0 0  -0.122490344406 -9.59975557549
171.488196987  0 0  -0.125876241254 -9.73089728033
173.876240022  0 0  -0.129354345018 -9.86376015391
176.297537529  0 0  -0.132927089881 -9.9983638902
178.75255259  0 0  -0.136596970049 -10.1347282884
181.241754737  0 0  -0.140366541001 -10.2728732483
183.765620039  0 0  -0.144238420752 -10.4128187647
186.324631193  0 0  -0.14821529112 -10.5545849224
188.919277621  0 0  -0.15229989901 -10.6981918903
191.550055557  0 0  -0.156495057712 -10.8436599151
194.217468149  0 0  -0.160803648201 -10.9910093155
196.922025548  0 0  -0.165228620449 -11.1402604747
199.664245011  0 0  -0.169772994747 -11.2914338343
202.444650998  0 0  -0.174439863032 -11.4445498858
205.263775271  0 0  -0.179232390215 -11.599629164
208.122156999  0 0  -0.18415381552 -11.756692238
211.020342857  0 0  -0.189207453824 -11.915759703
213.958887134  0 0  -0.194396696991 -12.0768521713
216.938351839  0 0  -0.19972501522 -12.2399902633
219.959306803  0 0  -0.205195958373 -12.4051945973
223.022329797  0 0  -0.210813157317 -12.5724857797
226.128006634  0 0  -0.216580325248 -12.7418843942
229.276931287  0 0  -0.222501259013 -12.9134109909
232.469705999  0 0  -0.228579840418 -13.0870860749
235.7069414  0 0  -0.234820037533 -13.2629300939
238.989256623  0 0  -0.241225905973 -13.4409634264
242.317279424  0 0  -0.247801590166 -13.6212063682
245.691646298  0 0  -0.254551324604 -13.8036791193
249.113002607  0 0  -0.261479435069 -13.9884017699
252.582002696  0 0  -0.268590339837 -14.1753942862
256.099310026  0 0  -0.275888550853 -14.3646764948
259.665597293  0 0  -0.283378674871 -14.556268068
263.281546565  0 0  -0.291065414571 -14.7501885072
266.947849403  0 0  -0.298953569627 -14.9464571267
270.665207003  0 0  -0.30704803774 -15.1450930361
274.434330323  0 0  -0.315353815625 -15.3461151233
278.255940221  0 0  -0.323875999952 -15.5495420355
282.130767594  0 0  -0.332619788229 -15.7553921612
286.059553518  0 0  -0.341590479638 -15.9636836099
290.043049386  0 0  -0.350793475798 -16.1744341931
294.082017059  0 0  -0.360234281474 -16.387661403
298.177229002  0 0  -0.369918505212 -16.6033823918
302.329468441  0 0  -0.379851859899 -16.8216139499
306.539529506  0 0  -0.390040163245 -17.0423724836
310.808217387  0 0  -0.400489338182 -17.2656739926
315.136348487  0 0  -0.411205413174 -17.4915340462
319.524750576  0 0  -0.42219452243 -17.7199677594
323.974262953  0 0  -0.433462906025 -17.9509897688
328.485736603  0 0  -0.445016909906 -18.1846142071
333.060034362  0 0  -0.456862985795 -18.4208546778
337.698031083  0 0  -0.469007690979 -18.6597242291
342.400613797  0 0  -0.481457687965 -18.9012353273
347.168681893  0 0  -0.494219744029 -19.1453998296
352.00314728  0 0  -0.507300730608 -19.3922289566
356.904934568  0 0  -0.520707622577 -19.6417332645
361.874981241  0 0  -0.534447497363 -19.8939226166
366.91423784  0 0  -0.548527533916 -20.1488061544
372.023668141  0 0  -0.562955011528 -20.4063922684
377.204249342  0 0  -0.577737308484 -20.6666885688
382.456972247  0 0  -0.592881900546 -20.9297018555
387.782841459  0 0  -0.608396359265 -21.1954380882
393.182875571  0 0  -0.624288350115 -21.4639023556
398.658107358  0 0  -0.64056563044 -21.7350988456
404.20958398  0 0  -0.657236047211 -22.009030814
409.838367176  0 0  -0.674307534595 -22.2857005542
415.545533472  0 0  -0.69178811131 -22.5651093662
421.332174385  0 0  -0.709685877791 -22.8472575256
427.199396631  0 0  -0.728009013134 -23.1321442532
433.148322338  0 0  -0.746765771835 -23.4197676841
439.18008926  0 0  -0.765964480306 -23.7101248375
445.295850994  0 0  -0.785613533171 -24.0032115861
451.496777204  0 0  -0.805721389345 -24.2990226265
457.784053838  0 0  -0.826296567874 -24.5975514497
464.158883361  0 0  -0.847347643551 -24.8987903114
470.622484984  0 0  -0.868883242307 -25.2027302045
477.176094894  0 0  -0.890912036362 -25.50936083
483.820966493  0 0  -0.913442739141 -25.8186705703
490.558370637  0 0  -0.936484099966 -26.1306464628
497.389595879  0 0  -0.960044898507 -26.4452741737
504.315948717  0 0  -0.984133939002 -26.7625379734
511.338753841  0 0  -1.00876004426 -27.0824207129
518.459354389  0 0  -1.03393204939 -27.4049038011
525.679112202  0 0  -1.05965879542 -27.729967183
532.999408084  0 0  -1.0859491225 -28.0575893198
540.421642071  0 0  -1.11281186313 -28.38774717
547.94723369  0 0  -1.14025583496 -28.7204161717
555.57762224  0 0  -1.16828983354 -29.0555702274
563.31426706  0 0  -1.19692262478 -29.3931816889
571.158647813  0 0  -1.2261629373 -29.7332213457
579.112264764  0 0  -1.25601945452 -30.0756584136
587.176639073  0 0  -1.28650080664 -30.4204605263
595.353313081  0 0  -1.31761556247 -30.7675937283
603.643850608  0 0  -1.34937222104 -31.1170224704
612.049837248  0 0  -1.38177920317 -31.468709607
620.572880678  0 0  -1.41484484288 -31.8226163955
629.214610961  0 0  -1.44857737866 -32.1787024983
637.976680861  0 0  -1.48298494473 -32.536925987
646.860766155  0 0  -1.51807556216 -32.8972433489
655.868565957  0 0  -1.55385712996 -33.2596094961
665.001803043  0 0  -1.59033741613 -33.6239777772
674.262224178  0 0  -1.62752404869 -33.9902999913
683.651600451  0 0  -1.66542450674 -34.3585264046
693.171727616  0 0  -1.70404611145 -34.7286057701
702.824426431  0 0  -1.74339601721 -35.1004853492
712.611543011  0 0  -1.78348120274 -35.4741109366
722.534949179  0 0  -1.82430846233 -35.8494268877
732.596542822  0 0  -1.86588439718 -36.2263761484
742.798248256  0 0  -1.90821540685 -36.604900288
753.142016597  0 0  -1.95130768086 -36.9849395342
763.629826128  0 0  -1.99516719047 -37.3664328117
774.263682681  0 0  -2.03979968063 -37.7493177818
785.04562002  0 0  -2.08521066217 -38.1335308865
795.977700231  0 0  -2.13140540419 -38.5190073935
807.062014115  0 0  -2.17838892672 -38.9056814443
818.300681587  0 0  -2.22616599366 -39.2934861048
829.695852083  0 0  -2.27474110604 -39.6823534178
841.249704974  0 0  -2.32411849551 -40.0722144579
852.964449974  0 0  -2.37430211828 -40.4629993888
864.842327573  0 0  -2.42529564931 -40.8546375217
876.885609459  0 0  -2.47710247697 -41.2470573768
889.096598953  0 0  -2.52972569798 -41.6401867455
901.477631452  0 0  -2.58316811285 -42.0339527548
914.031074876  0 0  -2.63743222167 -42.4282819331
926.759330115  0 0  -2.69252022039 -42.8231002774
939.664831495  0 0  -2.74843399745 -43.2183333216
952.750047243  0 0  -2.80517513099 -43.6139062057
966.017479952  0 0  -2.86274488639 -44.0097437466
979.46966707  0 0  -2.9211442144 -44.4057705088
993.109181375  0 0  -2.98037374966 -44.8019108761
1006.93863148  0 0  -3.04043380972 -45.1980891239
1020.96066231  0 0  -3.10132439458 -45.5942294912
1035.17795563  0 0  -3.16304518669 -45.9902562534
1049.59323056  0 0  -3.22559555141 -46.3860937943
1064.20924406  0 0  -3.28897453799 -46.7816666784
1079.02879152  0 0  -3.35318088105 -47.1768997226
1094.05470721  0 0  -3.41821300246 -47.5717180669
1109.2898649  0 0  -3.48406901375 -47.9660472452
1124.73717836  0 0  -3.550746719 -48.3598132545
1140.39960197  0 0  -3.61824361811 -48.7529426232
1156.28013121  0 0  -3.68655691057 -49.1453624783
1172.38180329  0 0  -3.75568349966 -49.5370006112
1188.70769771  0 0  -3.82561999701 -49.9277855421
1205.26093687  0 0  -3.89636272766 -50.3176465822
1222.04468663  0 0  -3.96790773541 -50.7065138952
1239.06215695  0 0  -4.04025078858 -51.0943185557
1256.31660247  0 0  -4.11338738617 -51.4809926065
1273.81132319  0 0  -4.18731276427 -51.8664691135
1291.54966501  0 0  -4.26202190285 -52.2506822182
1309.53502048  0 0  -4.33750953281 -52.6335671883
1327.77082936  0 0  -4.41377014332 -53.0150604658
1346.2605793  0 0  -4.49079798943 -53.395099712
1365.00780655  0 0  -4.56858709989 -53.7736238516
1384.01609657  0 0  -4.64713128516 -54.1505731123
1403.28908479  0 0  -4.72642414569 -54.5258890634
1422.83045721  0 0  -4.80645908028 -54.8995146508
1442.64395122  0 0  -4.88722929463 -55.2713942299
1462.7333562  0 0  -4.96872781004 -55.6414735954
1483.10251434  0 0  -5.05094747211 -56.0097000087
1503.7553213  0 0  -5.13388095967 -56.3760222228
1524.69572702  0 0  -5.21752079362 -56.7403905039
1545.92773642  0 0  -5.30185934595 -57.1027566511
1567.45541021  0 0  -5.38688884864 -57.463074013
1589.28286562  0 0  -5.47260140269 -57.8212975017
1611.41427725  0 0  -5.55898898702 -58.1773836045
1633.85387781  0 0  -5.64604346743 -58.531290393
1656.60595895  0 0  -5.73375660542 -58.8829775296
1679.67487209  0 0  -5.82212006697 -59.2324062717
1703.06502925  0 0  -5.91112543127 -59.5795394737
1726.78090388  0 0  -6.00076419927 -59.9243415864
1750.82703174  0 0  -6.09102780217 -60.2667786543
1775.20801172  0 0  -6.18190760977 -60.6068183111
1799.92850678  0 0  -6.27339493864 -60.9444297726
1824.99324482  0 0  -6.36548106019 -61.2795838283
1850.40701954  0 0  -6.45815720848 -61.61225283
1876.17469144  0 0  -6.55141458797 -61.9424106802
1902.30118867  0 0  -6.645244381 -62.270032817
1928.79150802  0 0  -6.7396377551 -62.5950961989
1955.65071587  0 0  -6.83458587008 -62.9175792871
1982.88394913  0 0  -6.93007988495 -63.2374620266
2010.49641626  0 0  -7.02611096457 -63.5547258263
2038.49339825  0 0  -7.12267028615 -63.8693535372
2066.88024963  0 0  -7.21974904545 -64.1813294297
2095.66239948  0 0  -7.31733846279 -64.49063917
2124.8453525  0 0  -7.41542978885 -64.7972697955
2154.43469003  0 0  -7.51401431022 -65.1012096886
2184.43607115  0 0  -7.61308335466 -65.4024485503
2214.85523373  0 0  -7.71262829625 -65.7009773735
2245.69799554  0 0  -7.8126405602 -65.9967884139
2276.97025538  0 0  -7.91311162745 -66.2898751625
2308.67799419  0 0  -8.0140330391 -66.5802323159
2340.82727618  0 0  -8.11539640052 -66.8678557468
2373.42425002  0 0  -8.2171933853 -67.1527424744
2406.47515002  0 0  -8.31941573894 -67.4348906338
2439.98629726  0 0  -8.42205528234 -67.7142994458
2473.96410089  0 0  -8.52510391508 -67.990969186
2508.41505928  0 0  -8.62855361843 -68.2649011544
2543.3457613  0 0  -8.73239645822 -68.5360976444
2578.76288759  0 0  -8.83662458749 -68.8045619118
2614.6732118  0 0  -8.94123024889 -69.0702981445
2651.08360191  0 0  -9.04620577695 -69.3333114312
2688.00102154  0 0  -9.15154360012 -69.5936077316
2725.43253128  0 0  -9.25723624262 -69.8511938456
2763.38529005  0 0  -9.36327632619 -70.1060773834
2801.86655646  0 0  -9.46965657153 -70.3582667355
2840.88369018  0 0  -9.57636979968 -70.6077710434
2880.4441534  0 0  -9.68340893322 -70.8546001704
2920.55551218  0 0  -9.79076699727 -71.0987646727
2961.22543799  0 0  -9.89843712041 -71.3402757709
3002.46170909  0 0  -10.0064125353 -71.5791453222
3044.27221206  0 0  -10.1146865796 -71.8153857929
3086.66494334  0 0  -10.2232526958 -72.0490102312
3129.64801067  0 0  -10.3321044323 -72.2800322406
3173.22963473  0 0  -10.4412354432 -72.5084659538
3217.41815068  0 0  -10.5506394883 -72.7343260074
3262.22200971  0 0  -10.6603104335 -72.9576275164
3307.64978074  0 0  -10.7702422503 -73.1783860501
3353.710152  0 0  -10.8804290157 -73.3966176082
3400.4119327  0 0  -10.9908649121 -73.612338597
3447.76405473  0 0  -11.1015442265 -73.8255658069
3495.77557436  0 0  -11.2124613505 -74.0363163901
3544.45567397  0 0  -11.3236107792 -74.2446078388
3593.8136638  0 0  -11.4349871111 -74.4504579645
3643.85898376  0 0  -11.5465850469 -74.6538848767
3694.6012052  0 0  -11.6583993891 -74.8549069639
3746.05003275  0 0  -11.7704250411 -75.0535428733
3798.21530619  0 0  -11.8826570062 -75.2498114928
3851.10700233  0 0  -11.9950903866 -75.443731932
3904.73523689  0 0  -12.1077203827 -75.6353235052
3959.11026647  0 0  -12.2205422918 -75.8246057138
4014.2424905  0 0  -12.3335515071 -76.0115982301
4070.14245322  0 0  -12.4467435168 -76.1963208807
4126.8208457  0 0  -12.5601139025 -76.3787936318
4184.2885079  0 0  -12.6736583384 -76.5590365736
4242.55643072  0 0  -12.7873725901 -76.7370699061
4301.63575811  0 0  -12.9012525131 -76.9129139251
4361.53778921  0 0  -13.0152940518 -77.0865890091
4422.27398051  0 0  -13.1294932382 -77.2581156058
4483.85594802  0 0  -13.2438461904 -77.4275142203
4546.29546953  0 0  -13.3583491115 -77.5948054027
4609.60448683  0 0  -13.4729982885 -77.7600097367
4673.79510799  0 0  -13.5877900904 -77.9231478287
4738.87960972  0 0  -13.7027209673 -78.084240297
4804.87043966  0 0  -13.8177874492 -78.243307762
4871.78021879  0 0  -13.932986144 -78.400370836
4939.62174388  0 0  -14.0483137369 -78.5554501142
5008.40798985  0 0  -14.1637669887 -78.7085661657
5078.15211233  0 0  -14.2793427346 -78.8597395253
5148.86745014  0 0  -14.3950378824 -79.0089906845
5220.56752785  0 0  -14.5108494121 -79.1563400849
5293.26605836  0 0  -14.6267743735 -79.3018081097
5366.97694554  0 0  -14.7428098857 -79.4454150776
5441.71428687  0 0  -14.8589531355 -79.5871812353
5517.49237613  0 0  -14.9752013758 -79.7271267517
5594.32570617  0 0  -15.091551925 -79.8652717116
5672.22897164  0 0  -15.208002165 -80.0016361098
5751.21707184  0 0  -15.3245495402 -80.1362398461
5831.30511353  0 0  -15.4411915566 -80.2691027197
5912.50841383  0 0  -15.5579257798 -80.4002444245
5994.84250319  0 0  -15.6747498346 -80.5296845447
6078.3231283  0 0  -15.7916614032 -80.6574425501
6162.96625513  0 0  -15.9086582239 -80.7835377923
6248.78807201  0 0  -16.0257380907 -80.9079895006
6335.80499266  0 0  -16.1428988512 -81.0308167789
6424.03365939  0 0  -16.260138406 -81.1520386017
6513.49094627  0 0  -16.3774547073 -81.2716738113
6604.19396233  0 0  -16.4948457581 -81.3897411148
6696.16005485  0 0  -16.6123096106 -81.5062590817
6789.4068127  0 0  -16.7298443656 -81.6212461405
6883.95206965  0 0  -16.8474481709 -81.7347205773
6979.81390783  0 0  -16.9651192209 -81.8467005331
7077.01066118  0 0  -17.0828557549 -81.957204002
7175.56091894  0 0  -17.2006560565 -82.0662488292
7275.4835292  0 0  -17.3185184525 -82.1738527095
7376.79760253  0 0  -17.4364413118 -82.2800331858
7479.52251562  0 0  -17.5544230446 -82.3848076477
7583.677915  0 0  -17.6724621012 -82.4881933303
7689.28372076  0 0  -17.7905569713 -82.5902073129
7796.36013041  0 0  -17.908706183 -82.6908665185
7904.9276227  0 0  -18.0269083019 -82.7901877126
8015.00696157  0 0  -18.1451619303 -82.8881875026
8126.61920009  0 0  -18.2634657059 -82.9848823373
8239.78568453  0 0  -18.3818183017 -83.0802885063
8354.52805838  0 0  -18.5002184245 -83.1744221397
8470.86826656  0 0  -18.6186648145 -83.2672992078
8588.82855955  0 0  -18.7371562442 -83.3589355208
8708.43149769  0 0  -18.8556915178 -83.4493467291
8829.69995549  0 0  -18.9742694704 -83.5385483226
8952.657126  0 0  -19.0928889673 -83.6265556317
9077.32652521  0 0  -19.211548903 -83.7133838264
9203.73199662  0 0  -19.3302482009 -83.7990479176
9331.89771573  0 0  -19.4489858122 -83.8835627565
9461.84819472  0 0  -19.5677607156 -83.9669430355
9593.60828709  0 0  -19.6865719161 -84.0492032884
9727.20319245  0 0  -19.8054184449 -84.1303578912
9862.65846131  0 0  -19.9242993585 -84.210421062
10000  0 0  -20.0432137378 -84.2894068625
10139.2540756  0 0  -20.1621606881 -84.3673291978
10280.4473209  0 0  -20.281139338 -84.4442018176
10423.6067398  0 0  -20.4001488389 -84.5200383169
10568.7597118  0 0  -20.5191883645 -84.5948521365
10715.9339982  0 0  -20.6382571104 -84.6686565643
10865.1577465  0 0  -20.7573542932 -84.7414647357
11016.4594963  0 0  -20.8764791502 -84.8132896348
11169.8681847  0 0  -20.9956309387 -84.8841440953
11325.4131515  0 0  -21.1148089358 -84.9540408012
11483.1241454  0 0  -21.2340124376 -85.0229922883
11643.0313292  0 0  -21.3532407589 -85.0910109448
11805.1652857  0 0  -21.4724932323 -85.1581090124
11969.5570236  0 0  -21.5917692085 -85.2242985876
12136.2379834  0 0  -21.7110680553 -85.2895916225
12305.2400436  0 0  -21.8303891571 -85.3539999263
12476.5955263  0 0  -21.9497319148 -85.417535166
12650.337204  0 0  -22.0690957452 -85.4802088678
12826.4983053  0 0  -22.1884800805 -85.5420324182
13005.1125217  0 0  -22.3078843682 -85.6030170652
13186.2140139  0 0  -22.4273080703 -85.6631739197
13369.8374182  0 0  -22.5467506633 -85.722513956
13556.0178533  0 0  -22.6662116376 -85.781048014
13744.7909268  0 0  -22.7856904973 -85.8387867997
13936.1927422  0 0  -22.9051867594 -85.8957408867
14130.259906  0 0  -23.0246999542 -85.9519207173
14327.0295341  0 0  -23.1442296243 -86.0073366039
14526.5392595  0 0  -23.2637753247 -86.0619987302
14728.8272391  0 0  -23.3833366222 -86.1159171525
14933.9321612  0 0  -23.5029130951 -86.1691018008
15141.893253  0 0  -23.6225043333 -86.2215624802
15352.7502878  0 0  -23.7421099374 -86.273308872
15566.5435927  0 0  -23.8617295189 -86.3243505353
15783.3140565  0 0  -23.9813626995 -86.3746969077
16003.1031374  0 0  -24.1010091113 -86.4243573072
16225.9528708  0 0  -24.2206683962 -86.473340933
16451.9058775  0 0  -24.3403402055 -86.521656867
16681.005372  0 0  -24.4600242002 -86.5693140747
16913.2951703  0 0  -24.5797200503 -86.616321407
17148.8196987  0 0  -24.6994274345 -86.662687601
17387.6240022  0 0  -24.8191460404 -86.7084212816
17629.7537529  0 0  -24.9388755639 -86.7535309622
17875.255259  0 0  -25.058615709 -86.7980250465
18124.1754737  0 0  -25.1783661878 -86.8419118294
18376.5620039  0 0  -25.2981267201 -86.8851994985
18632.4631193  0 0  -25.4178970333 -86.927896135
18891.9277621  0 0  -25.5376768621 -86.970009715
19155.0055557  0 0  -25.6574659483 -87.0115481109
19421.7468149  0 0  -25.7772640408 -87.0525190923
19692.2025548  0 0  -25.8970708953 -87.0929303274
19966.4245011  0 0  -26.0168862738 -87.1327893843
20244.4650998  0 0  -26.136709945 -87.1721037316
20526.3775271  0 0  -26.2565416839 -87.2108807404
20812.2156999  0 0  -26.3763812713 -87.2491276847
21102.0342857  0 0  -26.4962284942 -87.2868517431
21395.8887134  0 0  -26.6160831452 -87.3240599996
21693.8351839  0 0  -26.7359450226 -87.3607594448
21995.9306803  0 0  -26.85581393 -87.3969569771
22302.2329797  0 0  -26.9756896764 -87.4326594039
22612.8006634  0 0  -27.0955720761 -87.4678734424
22927.6931287  0 0  -27.2154609482 -87.5026057211
23246.9705999  0 0  -27.3353561169 -87.5368627804
23570.69414  0 0  -27.455257411 -87.5706510743
23898.9256623  0 0  -27.5751646641 -87.6039769707
24231.7279424  0 0  -27.6950777141 -87.6368467532
24569.1646298  0 0  -27.8149964034 -87.6692666217
24911.3002607  0 0  -27.9349205787 -87.7012426935
25258.2002696  0 0  -28.0548500908 -87.7327810045
25609.9310026  0 0  -28.1747847947 -87.7638875101
25966.5597293  0 0  -28.294724549 -87.7945680861
26328.1546565  0 0  -28.4146692165 -87.82482853
26694.7849403  0 0  -28.5346186635 -87.8546745615
27066.5207003  0 0  -28.6545727599 -87.884111824
27443.4330323  0 0  -28.7745313793 -87.9131458854
27825.5940221  0 0  -28.8944943987 -87.9417822389
28213.0767594  0 0  -29.0144616983 -87.970026304
28605.9553518  0 0  -29.1344331615 -87.9978834277
29004.3049386  0 0  -29.2544086753 -88.0253588849
29408.2017059  0 0  -29.3743881292 -88.0524578799
29817.7229002  0 0  -29.4943714161 -88.0791855471
30232.9468441  0 0  -29.6143584316 -88.1055469515
30653.9529506  0 0  -29.7343490742 -88.1315470904
31080.8217387  0 0  -29.8543432453 -88.1571908934
31513.6348487  0 0  -29.9743408486 -88.1824832239
31952.4750576  0 0  -30.0943417909 -88.2074288798
32397.4262953  0 0  -30.2143459812 -88.2320325942
32848.5736603  0 0  -30.3343533311 -88.2562990363
33306.0034362  0 0  -30.4543637544 -88.2802328122
33769.8031083  0 0  -30.5743771677 -88.3038384662
34240.0613797  0 0  -30.6943934893 -88.3271204806
34716.8681893  0 0  -30.8144126401 -88.3500832776
35200.314728  0 0  -30.9344345431 -88.3727312194
35690.4934568  0 0  -31.0544591233 -88.3950686091
36187.4981241  0 0  -31.1744863078 -88.4170996917
36691.423784  0 0  -31.2945160256 -88.4388286547
37202.3668141  0 0  -31.4145482077 -88.4602596287
37720.4249342  0 0  -31.5345827871 -88.4813966886
38245.6972247  0 0  -31.6546196984 -88.5022438538
38778.2841459  0 0  -31.774658878 -88.5228050895
39318.2875571  0 0  -31.8947002643 -88.5430843067
39865.8107358  0 0  -32.014743797 -88.5630853637
40420.958398  0 0  -32.1347894177 -88.5828120662
40983.8367176  0 0  -32.2548370695 -88.6022681684
41554.5533472  0 0  -32.374886697 -88.6214573732
42133.2174385  0 0  -32.4949382465 -88.6403833336
42719.9396631  0 0  -32.6149916655 -88.6590496526
43314.8322338  0 0  -32.7350469031 -88.6774598844
43918.008926  0 0  -32.8551039097 -88.6956175348
44529.5850994  0 0  -32.9751626372 -88.713526062
45149.6777204  0 0  -33.0952230386 -88.7311888769
45778.4053838  0 0  -33.2152850684 -88.7486093443
46415.8883361  0 0  -33.3353486821 -88.765790783
47062.2484984  0 0  -33.4554138365 -88.7827364666
47717.6094894  0 0  -33.5754804898 -88.7994496243
48382.0966493  0 0  -33.6955486009 -88.815933441
49055.8370636  0 0  -33.8156181303 -88.8321910585
49738.9595879  0 0  -33.9356890392 -88.8482255756
50431.5948717  0 0  -34.05576129 -88.8640400489
51133.8753841  0 0  -34.1758348462 -88.8796374934
51845.9354389  0 0  -34.2959096721 -88.8950208828
52567.9112202  0 0  -34.4159857332 -88.9101931505
53299.9408084  0 0  -34.5360629958 -88.9251571897
54042.1642071  0 0  -34.6561414271 -88.9399158541
54794.723369  0 0  -34.7762209953 -88.9544719585
55557.762224  0 0  -34.8963016694 -88.9688282794
56331.426706  0 0  -35.0163834192 -88.9829875553
57115.8647813  0 0  -35.1364662154 -88.9969524871
57911.2264764  0 0  -35.2565500295 -89.0107257392
58717.6639073  0 0  -35.3766348337 -89.0243099393
59535.3313081  0 0  -35.496720601 -89.0377076794
60364.3850608  0 0  -35.6168073053 -89.0509215159
61204.9837248  0 0  -35.7368949208 -89.0639539705
62057.2880678  0 0  -35.8569834228 -89.0768075302
62921.4610961  0 0  -35.9770727872 -89.0894846482
63797.6680861  0 0  -36.0971629903 -89.1019877441
64686.0766155  0 0  -36.2172540094 -89.1143192043
65586.8565957  0 0  -36.3373458221 -89.1264813827
66500.1803043  0 0  -36.4574384069 -89.138476601
67426.2224178  0 0  -36.5775317427 -89.1503071491
68365.1600451  0 0  -36.6976258089 -89.1619752856
69317.1727616  0 0  -36.8177205858 -89.1734832382
70282.4426431  0 0  -36.9378160539 -89.1848332041
71261.1543011  0 0  -37.0579121944 -89.1960273506
72253.4949179  0 0  -37.1780089888 -89.207067815
73259.6542822  0 0  -37.2981064195 -89.2179567057
74279.8248256  0 0  -37.418204469 -89.2286961021
75314.2016597  0 0  -37.5383031205 -89.239288055
76362.9826128  0 0  -37.6584023576 -89.2497345873
77426.3682681  0 0  -37.7785021642 -89.2600376942
78504.562002  0 0  -37.8986025249 -89.2701993435
79597.7700231  0 0  -38.0187034245 -89.2802214762
80706.2014115  0 0  -38.1388048484 -89.2901060065
81830.0681587  0 0  -38.2589067823 -89.2998548225
82969.5852083  0 0  -38.3790092121 -89.3094697865
84124.9704974  0 0  -38.4991121245 -89.3189527352
85296.4449974  0 0  -38.6192155063 -89.3283054801
86484.2327573  0 0  -38.7393193446 -89.3375298081
87688.5609459  0 0  -38.859423627 -89.3466274814
88909.6598953  0 0  -38.9795283414 -89.3556002382
90147.7631452  0 0  -39.099633476 -89.3644497927
91403.1074876  0 0  -39.2197390194 -89.3731778357
92675.9330115  0 0  -39.3398449603 -89.3817860349
93966.4831495  0 0  -39.4599512881 -89.3902760352
95275.0047243  0 0  -39.580057992 -89.3986494587
96601.7479952  0 0  -39.7001650619 -89.4069079055
97946.966707  0 0  -39.8202724877 -89.4150529536
99310.9181375  0 0  -39.9403802598 -89.4230861596
100693.863148  0 0  -40.0604883688 -89.4310090585
102096.066231  0 0  -40.1805968053 -89.4388231644
103517.795563  0 0  -40.3007055606 -89.4465299706
104959.323056  0 0  -40.4208146258 -89.45413095
106420.924406  0 0  -40.5409239926 -89.4616275552
107902.879152  0 0  -40.6610336527 -89.4690212189
109405.470721  0 0  -40.7811435982 -89.4763133542
110928.98649  0 0  -40.9012538211 -89.4835053548
112473.717836  0 0  -41.0213643141 -89.4905985953
114039.960197  0 0  -41.1414750697 -89.4975944315
115628.013121  0 0  -41.2615860806 -89.5044942004
117238.180329  0 0  -41.3816973401 -89.511299221
118870.769771  0 0  -41.5018088413 -89.5180107938
120526.093687  0 0  -41.6219205776 -89.5246302018
122204.468663  0 0  -41.7420325425 -89.5311587103
123906.215695  0 0  -41.86214473 -89.5375975672
125631.660247  0 0  -41.9822571338 -89.5439480033
127381.132319  0 0  -42.1023697481 -89.5502112324
129154.966501  0 0  -42.2224825671 -89.556388452
130953.502048  0 0  -42.3425955853 -89.5624808428
132777.082936  0 0  -42.4627087973 -89.5684895694
134626.05793  0 0  -42.5828221976 -89.5744157805
136500.780655  0 0  -42.7029357813 -89.5802606091
138401.609657  0 0  -42.8230495433 -89.5860251725
140328.908479  0 0  -42.9431634787 -89.5917105726
142283.045721  0 0  -43.0632775828 -89.5973178965
144264.395122  0 0  -43.183391851 -89.6028482161
146273.33562  0 0  -43.3035062789 -89.6083025887
148310.251434  0 0  -43.423620862 -89.613682057
150375.53213  0 0  -43.5437355962 -89.6189876496
152469.572702  0 0  -43.6638504773 -89.6242203807
154592.773642  0 0  -43.7839655013 -89.6293812509
156745.541021  0 0  -43.9040806643 -89.6344712467
158928.286562  0 0  -44.0241959626 -89.6394913414
161141.427725  0 0  -44.1443113924 -89.6444424948
163385.387781  0 0  -44.2644269501 -89.6493256535
165660.595895  0 0  -44.3845426323 -89.6541417511
167967.487209  0 0  -44.5046584355 -89.6588917085
170306.502925  0 0  -44.6247743565 -89.6635764339
172678.090388  0 0  -44.7448903921 -89.6681968229
175082.703174  0 0  -44.8650065391 -89.6727537589
177520.801172  0 0  -44.9851227944 -89.6772481134
179992.850678  0 0  -45.1052391552 -89.6816807457
182499.324482  0 0  -45.2253556185 -89.6860525032
185040.701954  0 0  -45.3454721816 -89.6903642219
187617.469144  0 0  -45.4655888417 -89.6946167262
190230.118867  0 0  -45.5857055962 -89.6988108292
192879.150802  0 0  -45.7058224425 -89.702947333
195565.071587  0 0  -45.8259393782 -89.7070270284
198288.394913  0 0  -45.9460564006 -89.7110506956
201049.641626  0 0  -46.0661735076 -89.7150191039
203849.339825  0 0  -46.1862906968 -89.7189330122
206688.024963  0 0  -46.306407966 -89.7227931688
209566.239948  0 0  -46.4265253129 -89.7266003118
212484.53525  0 0  -46.5466427354 -89.7303551694
215443.469003  0 0  -46.6667602316 -89.7340584594
218443.607115  0 0  -46.7868777993 -89.7377108901
221485.523373  0 0  -46.9069954366 -89.7413131598
224569.799554  0 0  -47.0271131417 -89.7448659574
227697.025538  0 0  -47.1472309127 -89.7483699622
230867.799419  0 0  -47.2673487477 -89.7518258443
234082.727618  0 0  -47.3874666451 -89.7552342646
237342.425002  0 0  -47.5075846031 -89.7585958748
240647.515002  0 0  -47.6277026201 -89.7619113178
243998.629726  0 0  -47.7478206945 -89.7651812275
247396.410089  0 0  -47.8679388247 -89.7684062293
250841.505928  0 0  -47.9880570091 -89.7715869398
254334.57613  0 0  -48.1081752464 -89.7747239674
257876.288759  0 0  -48.228293535 -89.7778179119
261467.32118  0 0  -48.3484118736 -89.7808693649
265108.360191  0 0  -48.4685302608 -89.78387891
268800.102154  0 0  -48.5886486952 -89.7868471227
272543.253128  0 0  -48.7087671757 -89.7897745707
276338.529005  0 0  -48.8288857008 -89.7926618137
280186.655646  0 0  -48.9490042695 -89.7955094039
284088.369018  0 0  -49.0691228805 -89.7983178858
288044.41534  0 0  -49.1892415327 -89.8010877966
292055.551218  0 0  -49.3093602249 -89.8038196659
296122.543799  0 0  -49.4294789561 -89.8065140162
300246.170909  0 0  -49.5495977251 -89.8091713627
304427.221206  0 0  -49.669716531 -89.8117922136
308666.494334  0 0  -49.7898353728 -89.81437707
312964.801067  0 0  -49.9099542494 -89.8169264265
317322.963473  0 0  -50.03007316 -89.8194407703
321741.815068  0 0  -50.1501921036 -89.8219205825
326222.200971  0 0  -50.2703110792 -89.8243663372
330764.978074  0 0  -50.3904300861 -89.8267785021
335371.0152  0 0  -50.5105491233 -89.8291575386
340041.19327  0 0  -50.6306681901 -89.8315039017
344776.405473  0 0  -50.7507872856 -89.8338180399
349577.557436  0 0  -50.8709064091 -89.836100396
354445.567397  0 0  -50.9910255597 -89.8383514064
359381.36638  0 0  -51.1111447368 -89.8405715015
364385.898376  0 0  -51.2312639397 -89.8427611059
369460.12052  0 0  -51.3513831675 -89.8449206385
374605.003275  0 0  -51.4715024197 -89.8470505121
379821.530619  0 0  -51.5916216956 -89.8491511341
385110.700233  0 0  -51.7117409944 -89.8512229063
390473.523689  0 0  -51.8318603157 -89.8532662248
395911.026647  0 0  -51.9519796588 -89.8552814804
401424.24905  0 0  -52.0720990231 -89.8572690585
407014.245322  0 0  -52.192218408 -89.8592293393
412682.08457  0 0  -52.312337813 -89.8611626976
418428.85079  0 0  -52.4324572375 -89.8630695032
424255.643072  0 0  -52.5525766809 -89.8649501207
430163.575811  0 0  -52.6726961428 -89.8668049098
436153.778921  0 0  -52.7928156227 -89.8686342252
442227.398051  0 0  -52.91293512 -89.8704384167
448385.594802  0 0  -53.0330546343 -89.8722178295
454629.546953  0 0  -53.1531741652 -89.8739728038
460960.448683  0 0  -53.2732937121 -89.8757036752
467379.510799  0 0  -53.3934132747 -89.8774107748
473887.960972  0 0  -53.5135328524 -89.8790944291
480487.043966  0 0  -53.633652445 -89.88075496
487178.021879  0 0  -53.7537720519 -89.8823926851
493962.174388  0 0  -53.8738916729 -89.8840079176
500840.798985  0 0  -53.9940113075 -89.8856009664
507815.211233  0 0  -54.1141309553 -89.8871721363
514886.745014  0 0  -54.234250616 -89.8887217276
522056.752785  0 0  -54.3543702892 -89.8902500367
529326.605836  0 0  -54.4744899746 -89.891757356
536697.694554  0 0  -54.5946096719 -89.8932439737
544171.428687  0 0  -54.7147293807 -89.894710174
551749.237613  0 0  -54.8348491008 -89.8961562375
559432.570617  0 0  -54.9549688317 -89.8975824407
567222.897164  0 0  -55.0750885733 -89.8989890563
575121.707184  0 0  -55.1952083252 -89.9003763533
583130.511353  0 0  -55.3153280871 -89.9017445971
591250.841383  0 0  -55.4354478588 -89.9030940493
599484.250319  0 0  -55.55556764 -89.9044249681
607832.31283  0 0  -55.6756874305 -89.9057376079
616296.625513  0 0  -55.79580723 -89.9070322198
624878.807201  0 0  -55.9159270382 -89.9083090514
633580.499266  0 0  -56.0360468549 -89.9095683469
642403.365939  0 0  -56.1561666798 -89.9108103471
651349.094627  0 0  -56.2762865129 -89.9120352896
660419.396233  0 0  -56.3964063538 -89.9132434086
669616.005485  0 0  -56.5165262022 -89.9144349352
678940.68127  0 0  -56.6366460581 -89.9156100972
688395.206965  0 0  -56.7567659212 -89.9167691195
697981.390783  0 0  -56.8768857914 -89.9179122236
707701.066118  0 0  -56.9970056683 -89.9190396283
717556.091894  0 0  -57.1171255519 -89.920151549
727548.35292  0 0  -57.2372454419 -89.9212481986
737679.760253  0 0  -57.3573653382 -89.9223297866
747952.251562  0 0  -57.4774852406 -89.92339652
758367.7915  0 0  -57.5976051489 -89.9244486027
768928.372076  0 0  -57.7177250631 -89.9254862361
779636.013041  0 0  -57.8378449828 -89.9265096184
790492.76227  0 0  -57.957964908 -89.9275189455
801500.696157  0 0  -58.0780848385 -89.9285144105
812661.920009  0 0  -58.1982047742 -89.9294962035
823978.568453  0 0  -58.318324715 -89.9304645126
835452.805838  0 0  -58.4384446606 -89.9314195227
847086.826656  0 0  -58.558564611 -89.9323614167
858882.855955  0 0  -58.678684566 -89.9332903746
870843.149769  0 0  -58.7988045255 -89.934206574
882969.995549  0 0  -58.9189244894 -89.9351101903
895265.7126  0 0  -59.0390444576 -89.9360013961
907732.652521  0 0  -59.1591644299 -89.9368803621
920373.199662  0 0  -59.2792844062 -89.9377472562
933189.771573  0 0  -59.3994043865 -89.9386022443
946184.819472  0 0  -59.5195243705 -89.9394454899
959360.828709  0 0  -59.6396443583 -89.9402771543
972720.319245  0 0  -59.7597643497 -89.9410973965
986265.846131  0 0  -59.8798843446 -89.9419063733
1000000  0 0  -60.0000043429 -89.9427042396
